11110011100011
00010010111100
10100011011001
01110011110001
00001000000111
00001100010001
10100001010100
10010110000101
11100100001101
00010101000110
00101110011010
00000000000011
11111100111001
00001000000011
10010100011010
11000100001111
10101000000000
11010010000110
11001010101001
11101111111010
10100000001110
11100000010001
11101100000111
00001001011010
00101010100011
00101000001110
10111111110101
10101001010101
11111010100010
10011000111111
11011101010100
11111011101110
11001001001110
10110000110100
11100001010110
00101110100001
01101001010000
00011111111110
00110110001000
00110001010011
01100010000111
10100011011111
11000010000111
11101000111001
01010110000111
00111101101011
11001011001010
01001000111000
10101110100110
01010001100110
